# Depth Radius Vp Vs
    0.0  6371.0     5.800000     3.200000
   15.0  6356.0     5.800000     3.200000
   15.0  6356.0     6.800000     3.900000
   24.4  6346.6     6.800000     3.900000
   24.4  6346.6     8.110610     4.490940
   40.0  6331.0     8.101190     4.484860
   60.0  6311.0     8.089070     4.477150
   80.0  6291.0     8.076880     4.469530
  115.0  6256.0     8.055400     4.456430
  150.0  6221.0     8.033700     4.443610
  185.0  6186.0     8.011800     4.431080
  220.0  6151.0     7.989700     4.418850
  220.0  6151.0     8.558960     4.643910
  265.0  6106.0     8.645520     4.675400
  310.0  6061.0     8.732090     4.706900
  355.0  6016.0     8.818670     4.738400
  400.0  5971.0     8.905220     4.769890
  400.0  5971.0     9.133970     4.932590
  450.0  5921.0     9.389900     5.078420
  500.0  5871.0     9.645880     5.224280
  550.0  5821.0     9.901850     5.370140
  600.0  5771.0    10.157820     5.516020
  635.0  5736.0    10.212030     5.543110
  670.0  5701.0    10.266220     5.570200
  670.0  5701.0    10.751310     5.945080
  721.0  5650.0    10.910050     6.094180
  771.0  5600.0    11.065570     6.240460
  871.0  5500.0    11.244900     6.310910
  971.0  5400.0    11.415600     6.378130
 1071.0  5300.0    11.578280     6.442320
 1171.0  5200.0    11.733570     6.503700
 1271.0  5100.0    11.882090     6.562500
 1371.0  5000.0    12.024450     6.618910
 1471.0  4900.0    12.161260     6.673170
 1571.0  4800.0    12.293160     6.725480
 1671.0  4700.0    12.420750     6.776060
 1771.0  4600.0    12.544660     6.825120
 1871.0  4500.0    12.665500     6.872890
 1971.0  4400.0    12.783890     6.919570
 2071.0  4300.0    12.900450     6.965380
 2171.0  4200.0    13.015790     7.010530
 2271.0  4100.0    13.130550     7.055250
 2371.0  4000.0    13.245320     7.099740
 2471.0  3900.0    13.360740     7.144230
 2571.0  3800.0    13.477420     7.188920
 2671.0  3700.0    13.595970     7.234030
 2741.0  3630.0    13.680410     7.265970
 2771.0  3600.0    13.687530     7.265750
 2871.0  3500.0    13.711680     7.264860
 2891.0  3480.0    13.716600     7.264660
 2891.0  3480.0     8.064820     0.000000
 2971.0  3400.0     8.199390     0.000000
 3071.0  3300.0     8.360190     0.000000
 3171.0  3200.0     8.512980     0.000000
 3271.0  3100.0     8.658050     0.000000
 3371.0  3000.0     8.795730     0.000000
 3471.0  2900.0     8.926320     0.000000
 3571.0  2800.0     9.050150     0.000000
 3671.0  2700.0     9.167520     0.000000
 3771.0  2600.0     9.278670     0.000000
 3871.0  2500.0     9.384180     0.000000
 3971.0  2400.0     9.484090     0.000000
 4071.0  2300.0     9.578810     0.000000
 4171.0  2200.0     9.668650     0.000000
 4271.0  2100.0     9.753930     0.000000
 4371.0  2000.0     9.834960     0.000000
 4471.0  1900.0     9.912060     0.000000
 4571.0  1800.0     9.985540     0.000000
 4671.0  1700.0    10.055720     0.000000
 4771.0  1600.0    10.122910     0.000000
 4871.0  1500.0    10.187430     0.000000
 4971.0  1400.0    10.249590     0.000000
 5071.0  1300.0    10.309710     0.000000
 5149.5  1221.5    10.355680     0.000000
 5149.5  1221.5    11.028270     3.504320
 5171.0  1200.0    11.036430     3.510020
 5271.0  1100.0    11.072490     3.535220
 5371.0  1000.0    11.105420     3.558230
 5471.0   900.0    11.135210     3.579050
 5571.0   800.0    11.161860     3.597670
 5671.0   700.0    11.185380     3.614110
 5771.0   600.0    11.205760     3.628350
 5871.0   500.0    11.223010     3.640410
 5971.0   400.0    11.237120     3.650270
 6071.0   300.0    11.248090     3.657940
 6171.0   200.0    11.255930     3.663420
 6271.0   100.0    11.260640     3.666700
 6371.0     0.0    11.262200     3.667800
